Single-Difference Ambiguity Constraint  tenc                COMMENT
    SD                                                      TYPE OF CONSTRAINT
   400   376   373                                          G   AMB FIXING (T/W/N)
   203   187   184                                          E   AMB FIXING (T/W/N)
   103   103   103    ROUNDING                              IND AMB FIXING (T/W/N)
                                                            END OF HEADER
 E11 E31 2022  1  2  0  0  0.000000 2022  1  2  0 53  0.000000            21          -55
 G05 G18 2022  1  2  0  0  0.000000 2022  1  2  0 58 30.000000            80          109
 E24 E36 2022  1  2  0  0  0.000000 2022  1  2  2 11 30.000000            -9           34
 E09 E36 2022  1  2  0  0  0.000000 2022  1  2  2 11 30.000000            -6           -1
 G15 G18 2022  1  2  0  0  0.000000 2022  1  2  2 19 30.000000           103          117
 G15 G24 2022  1  2  0  0 30.000000 2022  1  2  2 19 30.000000           -53          -63
 E09 E31 2022  1  2  0  0  0.000000 2022  1  2  3  4 30.000000            10          -32
 G12 G24 2022  1  2  0  0 30.000000 2022  1  2  3 11  0.000000           112          176
 G10 G23 2022  1  2  0  0  0.000000 2022  1  2  4 18  0.000000            75          134
 G12 G23 2022  1  2  0  0  0.000000 2022  1  2  4 18  0.000000           262          350
 G10 G25 2022  1  2  0 36  0.000000 2022  1  2  5 24 30.000000           -41         -126
 E24 E25 2022  1  2  1  2 30.000000 2022  1  2  5 35  0.000000           -19          -59
 G25 G29 2022  1  2  3 24  0.000000 2022  1  2  5 48  0.000000           122           25
 G29 G26 2022  1  2  3 26 30.000000 2022  1  2  6 58 30.000000           -70          -45
 E05 E36 2022  1  2  6 33  0.000000 2022  1  2  7 14 30.000000            67         -171
 E05 E02 2022  1  2  3 20  0.000000 2022  1  2  7 14 30.000000            72         -123
 G03 G04 2022  1  2  6 20  0.000000 2022  1  2  7 31  0.000000           -11           40
 G32 G27 2022  1  2  6  6 30.000000 2022  1  2  7 36  0.000000           -89         -235
 G32 G08 2022  1  2  7 15 30.000000 2022  1  2  7 36  0.000000           -82         -215
 E03 E08 2022  1  2  4 48 30.000000 2022  1  2  9 12  0.000000           -10           16
 E25 E36 2022  1  2  6 33  0.000000 2022  1  2  9 24 30.000000            51          -77
 G31 G16 2022  1  2  4 59 30.000000 2022  1  2  9 30  0.000000            37          -34
 G31 G27 2022  1  2  6  6 30.000000 2022  1  2  9 30  0.000000            37          -57
 G26 G16 2022  1  2  4 59 30.000000 2022  1  2 10 14  0.000000            16           16
 E08 E30 2022  1  2  5 59  0.000000 2022  1  2 10 24  0.000000            30         -145
 E08 E15 2022  1  2  9 12  0.000000 2022  1  2 10 24  0.000000           -38         -108
 G04 G21 2022  1  2  8 55  0.000000 2022  1  2 10 51 30.000000            88          -41
 E07 E27 2022  1  2 10 18  0.000000 2022  1  2 11  0 30.000000            -2           18
 E07 E15 2022  1  2  9 12  0.000000 2022  1  2 11  0 30.000000           -28         -113
 G09 G07 2022  1  2  9 12 30.000000 2022  1  2 11  3 30.000000           -86          -57
 E02 E30 2022  1  2  5 59  0.000000 2022  1  2 13  0  0.000000             2          -64
 G08 G21 2022  1  2  8 55  0.000000 2022  1  2 13 56  0.000000             1           44
 G07 G30 2022  1  2 10 25  0.000000 2022  1  2 14 25  0.000000            18           24
 G07 G17 2022  1  2 11 42 30.000000 2022  1  2 14 25  0.000000            46           23
 G21 G01 2022  1  2  9 47 30.000000 2022  1  2 14 31 30.000000           -12          -42
 G30 G03 2022  1  2 11 58 30.000000 2022  1  2 14 54  0.000000            32          -35
 G01 G04 2022  1  2 15  8 30.000000 2022  1  2 15 35  0.000000           -29          170
 G03 G04 2022  1  2 15  8 30.000000 2022  1  2 16 43  0.000000           -13           81
 E27 E21 2022  1  2 13 14  0.000000 2022  1  2 17 23  0.000000            -6           21
 E27 E13 2022  1  2 11 38  0.000000 2022  1  2 17 23  0.000000            17          -42
 G14 G02 2022  1  2 15 41  0.000000 2022  1  2 17 23 30.000000          -296         -296
 E21 E07 2022  1  2 15 44  0.000000 2022  1  2 18 24  0.000000             8          -32
 E01 E33 2022  1  2 18 36  0.000000 2022  1  2 19  3  0.000000            -2            1
 E08 E01 2022  1  2 15 43  0.000000 2022  1  2 19  3  0.000000            16           15
 G17 G13 2022  1  2 18 23 30.000000 2022  1  2 19  5 30.000000            10           48
 G17 G09 2022  1  2 15 18 30.000000 2022  1  2 19  5 30.000000             1            9
 G09 G20 2022  1  2 16 14 30.000000 2022  1  2 19 27 30.000000            -5           30
 G02 G12 2022  1  2 16 38  0.000000 2022  1  2 19 37  0.000000            52           62
 G12 G29 2022  1  2 19  9 30.000000 2022  1  2 19 37  0.000000            91           86
 E26 E08 2022  1  2 14 41  0.000000 2022  1  2 19 44  0.000000            -2           -6
 G19 G06 2022  1  2 13 43  0.000000 2022  1  2 19 57  0.000000           266          217
 G19 G13 2022  1  2 18 23 30.000000 2022  1  2 19 57  0.000000           265          253
 G06 G05 2022  1  2 17 32  0.000000 2022  1  2 21  9 30.000000            17           61
 G20 G30 2022  1  2 19  6  0.000000 2022  1  2 22  1 30.000000           -24          -36
 E26 E07 2022  1  2 15 44  0.000000 2022  1  2 22 33  0.000000            23          -27
 G29 G23 2022  1  2 22 15 30.000000 2022  1  2 23  4 30.000000           -40          -34
 G29 G15 2022  1  2 19 27 30.000000 2022  1  2 23  4 30.000000            -5          -22
 G02 G05 2022  1  2 17 32  0.000000 2022  1  2 23  5  0.000000           150          137
 E26 E21 2022  1  2 22 49  0.000000 2022  1  2 23 36  0.000000            24          -20
 E19 E12 2022  1  2 22  2  0.000000 2022  1  2 23 59 30.000000            -4           24
 E27 E04 2022  1  2 22 58  0.000000 2022  1  2 23 59 30.000000           -18           32
 G18 G23 2022  1  2 22 15 30.000000 2022  1  2 23 59 30.000000           229          220
 E21 E04 2022  1  2 22 58  0.000000 2022  1  2 23 59 30.000000            -9           29
 E33 E12 2022  1  2 22  2  0.000000 2022  1  2 23 59 30.000000             1           22
 G15 G24 2022  1  2 21 16 30.000000 2022  1  2 23 59 30.000000            40           38
 G05 G15 2022  1  3  0  0  0.000000 2022  1  3  0 54  0.000000           -12          -11
 G05 G18 2022  1  3  0  0  0.000000 2022  1  3  0 54  0.000000          -276         -243
 E33 E11 2022  1  3  1  4  0.000000 2022  1  3  1 29 30.000000            10          -20
 E21 E33 2022  1  3  0  0  0.000000 2022  1  3  1 29 30.000000           -12           31
 E12 E19 2022  1  3  0  0  0.000000 2022  1  3  2 19  0.000000             4          -24
 E12 E11 2022  1  3  1  4  0.000000 2022  1  3  2 19  0.000000             9          -41
 G18 G24 2022  1  3  0  0  0.000000 2022  1  3  2 22  0.000000           304          269
 G10 G24 2022  1  3  0  0  0.000000 2022  1  3  3  7  0.000000            34           66
 E21 E31 2022  1  3  1 51  0.000000 2022  1  3  4  5  0.000000            25         -107
 G12 G23 2022  1  3  0  0  0.000000 2022  1  3  4 14  0.000000           -58           42
 G23 G26 2022  1  3  3 22 30.000000 2022  1  3  4 14  0.000000            -6         -193
 G10 G12 2022  1  3  0  0  0.000000 2022  1  3  4 19 30.000000            17          -25
 G25 G29 2022  1  3  3 20  0.000000 2022  1  3  5 44  0.000000            66           54
 G25 G03 2022  1  3  5  1 30.000000 2022  1  3  5 44  0.000000          -195         -149
 E01 E05 2022  1  3  5 47  0.000000 2022  1  3  6 48 30.000000            41           -1
 E01 E09 2022  1  3  3  5  0.000000 2022  1  3  6 48 30.000000            36            6
 G32 G29 2022  1  3  3 20  0.000000 2022  1  3  6 54 30.000000           101           13
 G29 G27 2022  1  3  6  2 30.000000 2022  1  3  6 54 30.000000            72           85
 G31 G03 2022  1  3  5  1 30.000000 2022  1  3  7 27  0.000000          -216         -215
 G32 G08 2022  1  3  7 11 30.000000 2022  1  3  7 33  0.000000            45          -45
 E04 E24 2022  1  3  4 22  0.000000 2022  1  3  7 50  0.000000            34         -121
 E04 E05 2022  1  3  5 47  0.000000 2022  1  3  7 50  0.000000            23          -67
 G26 G16 2022  1  3  4 55 30.000000 2022  1  3  9 23 30.000000            37           58
 G31 G16 2022  1  3  4 55 30.000000 2022  1  3  9 26  0.000000           -13          -50
 E31 E33 2022  1  3  6 30  0.000000 2022  1  3  9 38  0.000000            20          -19
 E05 E11 2022  1  3  8 13  0.000000 2022  1  3 10 31  0.000000            11          -30
 G04 G21 2022  1  3  8 50 30.000000 2022  1  3 10 48  0.000000            -8          -69
 G09 G07 2022  1  3  9  8 30.000000 2022  1  3 10 59 30.000000           -14           19
 G09 G01 2022  1  3  9 43 30.000000 2022  1  3 10 59 30.000000            24          -57
 E31 E24 2022  1  3  4 22  0.000000 2022  1  3 11 12 30.000000             0           15
 E25 E11 2022  1  3  8 13  0.000000 2022  1  3 12  0  0.000000            45           59
 E24 E12 2022  1  3  7 16  0.000000 2022  1  3 12  0  0.000000             4           21
 G21 G01 2022  1  3  9 43 30.000000 2022  1  3 12  0  0.000000           -25          -40
 E36 E02 2022  1  3 11 24  0.000000 2022  1  3 12  0  0.000000             2           90
 G07 G30 2022  1  3 10 20 30.000000 2022  1  3 12  0  0.000000             8            4
 G07 G17 2022  1  3 11 38  0.000000 2022  1  3 12  0  0.000000          -113         -127
 E25 E36 2022  1  3 10  3 30.000000 2022  1  3 12  0  0.000000            16           64
 G08 G21 2022  1  3  8 50 30.000000 2022  1  3 12  0  0.000000            35           81
